MODEL_NAME = 'faster_rcnn_inception_v2_coco_2018_01_28'

=============num_detections=============
5
=============detection_scores=============
[0.99816424 0.99766624 0.6225114  0.41219884 0.39834166 0.
 0.         0.         0.         0.         0.         0.
 0.         0.         0.         0.         0.         0.
 0.         0.         0.         0.         0.         0.
 0.         0.         0.         0.         0.         0.
 0.         0.         0.         0.         0.         0.
 0.         0.         0.         0.         0.         0.
 0.         0.         0.         0.         0.         0.
 0.         0.         0.         0.         0.         0.
 0.         0.         0.         0.         0.         0.
 0.         0.         0.         0.         0.         0.
 0.         0.         0.         0.         0.         0.
 0.         0.         0.         0.         0.         0.
 0.         0.         0.         0.         0.         0.
 0.         0.         0.         0.         0.         0.
 0.         0.         0.         0.         0.         0.
 0.         0.         0.         0.        ]
=============detection_boxes=============
[[0.05651291 0.3762494  0.9601691  0.97978187]
 [0.02804688 0.03250726 0.86715823 0.31454262]
 [0.         0.7006882  0.09992106 0.7956755 ]
 [0.02265929 0.7847978  0.29472443 0.9639423 ]
 [0.         0.27655408 0.85714257 0.5556372 ]
 [0.         0.         0.         0.        ]
 [0.         0.         0.         0.        ]
 [0.         0.         0.         0.        ]
 [0.         0.         0.         0.        ]
 [0.         0.         0.         0.        ]
 [0.         0.         0.         0.        ]
 [0.         0.         0.         0.        ]
 [0.         0.         0.         0.        ]
 [0.         0.         0.         0.        ]
 [0.         0.         0.         0.        ]
 [0.         0.         0.         0.        ]
 [0.         0.         0.         0.        ]
 [0.         0.         0.         0.        ]
 [0.         0.         0.         0.        ]
 [0.         0.         0.         0.        ]
 [0.         0.         0.         0.        ]
 [0.         0.         0.         0.        ]
 [0.         0.         0.         0.        ]
 [0.         0.         0.         0.        ]
 [0.         0.         0.         0.        ]
 [0.         0.         0.         0.        ]
 [0.         0.         0.         0.        ]
 [0.         0.         0.         0.        ]
 [0.         0.         0.         0.        ]
 [0.         0.         0.         0.        ]
 [0.         0.         0.         0.        ]
 [0.         0.         0.         0.        ]
 [0.         0.         0.         0.        ]
 [0.         0.         0.         0.        ]
 [0.         0.         0.         0.        ]
 [0.         0.         0.         0.        ]
 [0.         0.         0.         0.        ]
 [0.         0.         0.         0.        ]
 [0.         0.         0.         0.        ]
 [0.         0.         0.         0.        ]
 [0.         0.         0.         0.        ]
 [0.         0.         0.         0.        ]
 [0.         0.         0.         0.        ]
 [0.         0.         0.         0.        ]
 [0.         0.         0.         0.        ]
 [0.         0.         0.         0.        ]
 [0.         0.         0.         0.        ]
 [0.         0.         0.         0.        ]
 [0.         0.         0.         0.        ]
 [0.         0.         0.         0.        ]
 [0.         0.         0.         0.        ]
 [0.         0.         0.         0.        ]
 [0.         0.         0.         0.        ]
 [0.         0.         0.         0.        ]
 [0.         0.         0.         0.        ]
 [0.         0.         0.         0.        ]
 [0.         0.         0.         0.        ]
 [0.         0.         0.         0.        ]
 [0.         0.         0.         0.        ]
 [0.         0.         0.         0.        ]
 [0.         0.         0.         0.        ]
 [0.         0.         0.         0.        ]
 [0.         0.         0.         0.        ]
 [0.         0.         0.         0.        ]
 [0.         0.         0.         0.        ]
 [0.         0.         0.         0.        ]
 [0.         0.         0.         0.        ]
 [0.         0.         0.         0.        ]
 [0.         0.         0.         0.        ]
 [0.         0.         0.         0.        ]
 [0.         0.         0.         0.        ]
 [0.         0.         0.         0.        ]
 [0.         0.         0.         0.        ]
 [0.         0.         0.         0.        ]
 [0.         0.         0.         0.        ]
 [0.         0.         0.         0.        ]
 [0.         0.         0.         0.        ]
 [0.         0.         0.         0.        ]
 [0.         0.         0.         0.        ]
 [0.         0.         0.         0.        ]
 [0.         0.         0.         0.        ]
 [0.         0.         0.         0.        ]
 [0.         0.         0.         0.        ]
 [0.         0.         0.         0.        ]
 [0.         0.         0.         0.        ]
 [0.         0.         0.         0.        ]
 [0.         0.         0.         0.        ]
 [0.         0.         0.         0.        ]
 [0.         0.         0.         0.        ]
 [0.         0.         0.         0.        ]
 [0.         0.         0.         0.        ]
 [0.         0.         0.         0.        ]
 [0.         0.         0.         0.        ]
 [0.         0.         0.         0.        ]
 [0.         0.         0.         0.        ]
 [0.         0.         0.         0.        ]
 [0.         0.         0.         0.        ]
 [0.         0.         0.         0.        ]
 [0.         0.         0.         0.        ]
 [0.         0.         0.         0.        ]]
=============detection_classes=============
[18 18  3 62  1  1  1  1  1  1  1  1  1  1  1  1  1  1  1  1  1  1  1  1
  1  1  1  1  1  1  1  1  1  1  1  1  1  1  1  1  1  1  1  1  1  1  1  1
  1  1  1  1  1  1  1  1  1  1  1  1  1  1  1  1  1  1  1  1  1  1  1  1
  1  1  1  1  1  1  1  1  1  1  1  1  1  1  1  1  1  1  1  1  1  1  1  1
  1  1  1  1]

  ssd_inception_v2_coco_2018_01_28
  =============detection_classes=============
[18 18  1  1  1  1  1  1  1  1  1  1  1  1  1  1  1  1  1  1  1  1  1  1
  1  1  1  1  1  1  1  1  1  1  1  1  1  1  1  1  1  1  1  1  1  1  1  1
  1  1  1  1  1  1  1  1  1  1  1  1  1  1  1  1  1  1  1  1  1  1  1  1
  1  1  1  1  1  1  1  1  1  1  1  1  1  1  1  1  1  1  1  1  1  1  1  1
  1  1  1  1]
=============num_detections=============
3
=============detection_boxes=============
[[0.10611802 0.39251202 0.939524   0.9791443 ]
 [0.03568801 0.01271294 0.84086776 0.30899322]
 [0.         0.52970904 0.26883096 0.7028616 ]
 [0.         0.         0.         0.        ]
 [0.         0.         0.         0.        ]
 [0.         0.         0.         0.        ]
 [0.         0.         0.         0.        ]
 [0.         0.         0.         0.        ]
 [0.         0.         0.         0.        ]
 [0.         0.         0.         0.        ]
 [0.         0.         0.         0.        ]
 [0.         0.         0.         0.        ]
 [0.         0.         0.         0.        ]
 [0.         0.         0.         0.        ]
 [0.         0.         0.         0.        ]
 [0.         0.         0.         0.        ]
 [0.         0.         0.         0.        ]
 [0.         0.         0.         0.        ]
 [0.         0.         0.         0.        ]
 [0.         0.         0.         0.        ]
 [0.         0.         0.         0.        ]
 [0.         0.         0.         0.        ]
 [0.         0.         0.         0.        ]
 [0.         0.         0.         0.        ]
 [0.         0.         0.         0.        ]
 [0.         0.         0.         0.        ]
 [0.         0.         0.         0.        ]
 [0.         0.         0.         0.        ]
 [0.         0.         0.         0.        ]
 [0.         0.         0.         0.        ]
 [0.         0.         0.         0.        ]
 [0.         0.         0.         0.        ]
 [0.         0.         0.         0.        ]
 [0.         0.         0.         0.        ]
 [0.         0.         0.         0.        ]
 [0.         0.         0.         0.        ]
 [0.         0.         0.         0.        ]
 [0.         0.         0.         0.        ]
 [0.         0.         0.         0.        ]
 [0.         0.         0.         0.        ]
 [0.         0.         0.         0.        ]
 [0.         0.         0.         0.        ]
 [0.         0.         0.         0.        ]
 [0.         0.         0.         0.        ]
 [0.         0.         0.         0.        ]
 [0.         0.         0.         0.        ]
 [0.         0.         0.         0.        ]
 [0.         0.         0.         0.        ]
 [0.         0.         0.         0.        ]
 [0.         0.         0.         0.        ]
 [0.         0.         0.         0.        ]
 [0.         0.         0.         0.        ]
 [0.         0.         0.         0.        ]
 [0.         0.         0.         0.        ]
 [0.         0.         0.         0.        ]
 [0.         0.         0.         0.        ]
 [0.         0.         0.         0.        ]
 [0.         0.         0.         0.        ]
 [0.         0.         0.         0.        ]
 [0.         0.         0.         0.        ]
 [0.         0.         0.         0.        ]
 [0.         0.         0.         0.        ]
 [0.         0.         0.         0.        ]
 [0.         0.         0.         0.        ]
 [0.         0.         0.         0.        ]
 [0.         0.         0.         0.        ]
 [0.         0.         0.         0.        ]
 [0.         0.         0.         0.        ]
 [0.         0.         0.         0.        ]
 [0.         0.         0.         0.        ]
 [0.         0.         0.         0.        ]
 [0.         0.         0.         0.        ]
 [0.         0.         0.         0.        ]
 [0.         0.         0.         0.        ]
 [0.         0.         0.         0.        ]
 [0.         0.         0.         0.        ]
 [0.         0.         0.         0.        ]
 [0.         0.         0.         0.        ]
 [0.         0.         0.         0.        ]
 [0.         0.         0.         0.        ]
 [0.         0.         0.         0.        ]
 [0.         0.         0.         0.        ]
 [0.         0.         0.         0.        ]
 [0.         0.         0.         0.        ]
 [0.         0.         0.         0.        ]
 [0.         0.         0.         0.        ]
 [0.         0.         0.         0.        ]
 [0.         0.         0.         0.        ]
 [0.         0.         0.         0.        ]
 [0.         0.         0.         0.        ]
 [0.         0.         0.         0.        ]
 [0.         0.         0.         0.        ]
 [0.         0.         0.         0.        ]
 [0.         0.         0.         0.        ]
 [0.         0.         0.         0.        ]
 [0.         0.         0.         0.        ]
 [0.         0.         0.         0.        ]
 [0.         0.         0.         0.        ]
 [0.         0.         0.         0.        ]
 [0.         0.         0.         0.        ]]
=============detection_scores=============
[0.9788028  0.93402016 0.3226865  0.         0.         0.
 0.         0.         0.         0.         0.         0.
 0.         0.         0.         0.         0.         0.
 0.         0.         0.         0.         0.         0.
 0.         0.         0.         0.         0.         0.
 0.         0.         0.         0.         0.         0.
 0.         0.         0.         0.         0.         0.
 0.         0.         0.         0.         0.         0.
 0.         0.         0.         0.         0.         0.
 0.         0.         0.         0.         0.         0.
 0.         0.         0.         0.         0.         0.
 0.         0.         0.         0.         0.         0.
 0.         0.         0.         0.         0.         0.
 0.         0.         0.         0.         0.         0.
 0.         0.         0.         0.         0.         0.
 0.         0.         0.         0.         0.         0.
 0.         0.         0.         0.        ]

 faster_rcnn_resnet50_coco_2018_01_28
 =============num_detections=============
7
=============detection_classes=============
[18 18 21 62 18  1  1  1  1  1  1  1  1  1  1  1  1  1  1  1  1  1  1  1
  1  1  1  1  1  1  1  1  1  1  1  1  1  1  1  1  1  1  1  1  1  1  1  1
  1  1  1  1  1  1  1  1  1  1  1  1  1  1  1  1  1  1  1  1  1  1  1  1
  1  1  1  1  1  1  1  1  1  1  1  1  1  1  1  1  1  1  1  1  1  1  1  1
  1  1  1  1]
=============detection_boxes=============
[[0.03143382 0.02565484 0.9194933  0.3157642 ]
 [0.14324743 0.34598598 0.9673094  1.        ]
 [0.18519548 0.31302363 0.9439246  0.9836374 ]
 [0.03161436 0.7991455  0.57711995 0.99898356]
 [0.05830216 0.2529119  0.9574868  0.6067918 ]
 [0.         0.2518654  0.79322827 0.69411516]
 [0.00225581 0.5424518  0.25557634 0.70470953]
 [0.         0.         0.         0.        ]
 [0.         0.         0.         0.        ]
 [0.         0.         0.         0.        ]
 [0.         0.         0.         0.        ]
 [0.         0.         0.         0.        ]
 [0.         0.         0.         0.        ]
 [0.         0.         0.         0.        ]
 [0.         0.         0.         0.        ]
 [0.         0.         0.         0.        ]
 [0.         0.         0.         0.        ]
 [0.         0.         0.         0.        ]
 [0.         0.         0.         0.        ]
 [0.         0.         0.         0.        ]
 [0.         0.         0.         0.        ]
 [0.         0.         0.         0.        ]
 [0.         0.         0.         0.        ]
 [0.         0.         0.         0.        ]
 [0.         0.         0.         0.        ]
 [0.         0.         0.         0.        ]
 [0.         0.         0.         0.        ]
 [0.         0.         0.         0.        ]
 [0.         0.         0.         0.        ]
 [0.         0.         0.         0.        ]
 [0.         0.         0.         0.        ]
 [0.         0.         0.         0.        ]
 [0.         0.         0.         0.        ]
 [0.         0.         0.         0.        ]
 [0.         0.         0.         0.        ]
 [0.         0.         0.         0.        ]
 [0.         0.         0.         0.        ]
 [0.         0.         0.         0.        ]
 [0.         0.         0.         0.        ]
 [0.         0.         0.         0.        ]
 [0.         0.         0.         0.        ]
 [0.         0.         0.         0.        ]
 [0.         0.         0.         0.        ]
 [0.         0.         0.         0.        ]
 [0.         0.         0.         0.        ]
 [0.         0.         0.         0.        ]
 [0.         0.         0.         0.        ]
 [0.         0.         0.         0.        ]
 [0.         0.         0.         0.        ]
 [0.         0.         0.         0.        ]
 [0.         0.         0.         0.        ]
 [0.         0.         0.         0.        ]
 [0.         0.         0.         0.        ]
 [0.         0.         0.         0.        ]
 [0.         0.         0.         0.        ]
 [0.         0.         0.         0.        ]
 [0.         0.         0.         0.        ]
 [0.         0.         0.         0.        ]
 [0.         0.         0.         0.        ]
 [0.         0.         0.         0.        ]
 [0.         0.         0.         0.        ]
 [0.         0.         0.         0.        ]
 [0.         0.         0.         0.        ]
 [0.         0.         0.         0.        ]
 [0.         0.         0.         0.        ]
 [0.         0.         0.         0.        ]
 [0.         0.         0.         0.        ]
 [0.         0.         0.         0.        ]
 [0.         0.         0.         0.        ]
 [0.         0.         0.         0.        ]
 [0.         0.         0.         0.        ]
 [0.         0.         0.         0.        ]
 [0.         0.         0.         0.        ]
 [0.         0.         0.         0.        ]
 [0.         0.         0.         0.        ]
 [0.         0.         0.         0.        ]
 [0.         0.         0.         0.        ]
 [0.         0.         0.         0.        ]
 [0.         0.         0.         0.        ]
 [0.         0.         0.         0.        ]
 [0.         0.         0.         0.        ]
 [0.         0.         0.         0.        ]
 [0.         0.         0.         0.        ]
 [0.         0.         0.         0.        ]
 [0.         0.         0.         0.        ]
 [0.         0.         0.         0.        ]
 [0.         0.         0.         0.        ]
 [0.         0.         0.         0.        ]
 [0.         0.         0.         0.        ]
 [0.         0.         0.         0.        ]
 [0.         0.         0.         0.        ]
 [0.         0.         0.         0.        ]
 [0.         0.         0.         0.        ]
 [0.         0.         0.         0.        ]
 [0.         0.         0.         0.        ]
 [0.         0.         0.         0.        ]
 [0.         0.         0.         0.        ]
 [0.         0.         0.         0.        ]
 [0.         0.         0.         0.        ]
 [0.         0.         0.         0.        ]]
=============detection_scores=============
[0.9980071  0.9979925  0.63683444 0.41645855 0.3644125  0.3637657
 0.34029078 0.         0.         0.         0.         0.
 0.         0.         0.         0.         0.         0.
 0.         0.         0.         0.         0.         0.
 0.         0.         0.         0.         0.         0.
 0.         0.         0.         0.         0.         0.
 0.         0.         0.         0.         0.         0.
 0.         0.         0.         0.         0.         0.
 0.         0.         0.         0.         0.         0.
 0.         0.         0.         0.         0.         0.
 0.         0.         0.         0.         0.         0.
 0.         0.         0.         0.         0.         0.
 0.         0.         0.         0.         0.         0.
 0.         0.         0.         0.         0.         0.
 0.         0.         0.         0.         0.         0.
 0.         0.         0.         0.         0.         0.
 0.         0.         0.         0.        ]
 MODEL_NAME = 'ssd_resnet50_v1_fpn_shared_box_predictor_640x640_coco14_sync_2018_07_03'
 =============detection_scores=============
[0.77880853 0.7603384  0.42461264 0.37259626 0.36399567 0.35694647
 0.3063681  0.         0.         0.         0.         0.
 0.         0.         0.         0.         0.         0.
 0.         0.         0.         0.         0.         0.
 0.         0.         0.         0.         0.         0.
 0.         0.         0.         0.         0.         0.
 0.         0.         0.         0.         0.         0.
 0.         0.         0.         0.         0.         0.
 0.         0.         0.         0.         0.         0.
 0.         0.         0.         0.         0.         0.
 0.         0.         0.         0.         0.         0.
 0.         0.         0.         0.         0.         0.
 0.         0.         0.         0.         0.         0.
 0.         0.         0.         0.         0.         0.
 0.         0.         0.         0.         0.         0.
 0.         0.         0.         0.         0.         0.
 0.         0.         0.         0.        ]
=============detection_boxes=============
[[0.11688617 0.34935555 0.9318559  0.99003935]
 [0.03591204 0.03031726 0.85937387 0.31812328]
 [0.02340776 0.2533044  0.8658104  0.70137584]
 [0.1065971  0.34814233 0.9468621  0.9827544 ]
 [0.         0.02232131 0.8439911  0.7331718 ]
 [0.0012519  0.53719467 0.24792048 0.70536464]
 [0.03152588 0.26890585 0.90562177 0.723997  ]
 [0.         0.         0.         0.        ]
 [0.         0.         0.         0.        ]
 [0.         0.         0.         0.        ]
 [0.         0.         0.         0.        ]
 [0.         0.         0.         0.        ]
 [0.         0.         0.         0.        ]
 [0.         0.         0.         0.        ]
 [0.         0.         0.         0.        ]
 [0.         0.         0.         0.        ]
 [0.         0.         0.         0.        ]
 [0.         0.         0.         0.        ]
 [0.         0.         0.         0.        ]
 [0.         0.         0.         0.        ]
 [0.         0.         0.         0.        ]
 [0.         0.         0.         0.        ]
 [0.         0.         0.         0.        ]
 [0.         0.         0.         0.        ]
 [0.         0.         0.         0.        ]
 [0.         0.         0.         0.        ]
 [0.         0.         0.         0.        ]
 [0.         0.         0.         0.        ]
 [0.         0.         0.         0.        ]
 [0.         0.         0.         0.        ]
 [0.         0.         0.         0.        ]
 [0.         0.         0.         0.        ]
 [0.         0.         0.         0.        ]
 [0.         0.         0.         0.        ]
 [0.         0.         0.         0.        ]
 [0.         0.         0.         0.        ]
 [0.         0.         0.         0.        ]
 [0.         0.         0.         0.        ]
 [0.         0.         0.         0.        ]
 [0.         0.         0.         0.        ]
 [0.         0.         0.         0.        ]
 [0.         0.         0.         0.        ]
 [0.         0.         0.         0.        ]
 [0.         0.         0.         0.        ]
 [0.         0.         0.         0.        ]
 [0.         0.         0.         0.        ]
 [0.         0.         0.         0.        ]
 [0.         0.         0.         0.        ]
 [0.         0.         0.         0.        ]
 [0.         0.         0.         0.        ]
 [0.         0.         0.         0.        ]
 [0.         0.         0.         0.        ]
 [0.         0.         0.         0.        ]
 [0.         0.         0.         0.        ]
 [0.         0.         0.         0.        ]
 [0.         0.         0.         0.        ]
 [0.         0.         0.         0.        ]
 [0.         0.         0.         0.        ]
 [0.         0.         0.         0.        ]
 [0.         0.         0.         0.        ]
 [0.         0.         0.         0.        ]
 [0.         0.         0.         0.        ]
 [0.         0.         0.         0.        ]
 [0.         0.         0.         0.        ]
 [0.         0.         0.         0.        ]
 [0.         0.         0.         0.        ]
 [0.         0.         0.         0.        ]
 [0.         0.         0.         0.        ]
 [0.         0.         0.         0.        ]
 [0.         0.         0.         0.        ]
 [0.         0.         0.         0.        ]
 [0.         0.         0.         0.        ]
 [0.         0.         0.         0.        ]
 [0.         0.         0.         0.        ]
 [0.         0.         0.         0.        ]
 [0.         0.         0.         0.        ]
 [0.         0.         0.         0.        ]
 [0.         0.         0.         0.        ]
 [0.         0.         0.         0.        ]
 [0.         0.         0.         0.        ]
 [0.         0.         0.         0.        ]
 [0.         0.         0.         0.        ]
 [0.         0.         0.         0.        ]
 [0.         0.         0.         0.        ]
 [0.         0.         0.         0.        ]
 [0.         0.         0.         0.        ]
 [0.         0.         0.         0.        ]
 [0.         0.         0.         0.        ]
 [0.         0.         0.         0.        ]
 [0.         0.         0.         0.        ]
 [0.         0.         0.         0.        ]
 [0.         0.         0.         0.        ]
 [0.         0.         0.         0.        ]
 [0.         0.         0.         0.        ]
 [0.         0.         0.         0.        ]
 [0.         0.         0.         0.        ]
 [0.         0.         0.         0.        ]
 [0.         0.         0.         0.        ]
 [0.         0.         0.         0.        ]
 [0.         0.         0.         0.        ]]
=============num_detections=============
7
=============detection_classes=============
[18 18  1 21 18  1 18  1  1  1  1  1  1  1  1  1  1  1  1  1  1  1  1  1
  1  1  1  1  1  1  1  1  1  1  1  1  1  1  1  1  1  1  1  1  1  1  1  1
  1  1  1  1  1  1  1  1  1  1  1  1  1  1  1  1  1  1  1  1  1  1  1  1
  1  1  1  1  1  1  1  1  1  1  1  1  1  1  1  1  1  1  1  1  1  1  1  1
  1  1  1  1]